20090815161930
20090815175520
20090819150150
20090819150704
20090821102232
20090825153527
20090825161641
20090827104640
20090827154857
20090827173213
20090828151331
20090828151956
20090828161953
20090829163052
20090829172329
20090829173328
20090831095418
20090831105202
20090831111642
20090831134106
20090831144737
20090831145123
20090901133531
20090901180320
20090901180651
20090903114857
20090905102604
20090911102547
20090911155251
20090912123406
20090912162223
20090912162459
20090915141058
20090917093709
20090917141000
20090917141300
